date  bdrm  price unit  area
2026-10-10 1 1616 5204 826
2026-10-10 1 1709 7103 713
2026-10-10 1 1584 7303 713
2026-10-10 1 1548 7307 780
2026-10-10 1 1584 9202 713
2026-11-02 1 1655 5210 884
2026-11-08 1 1616 11302 826
2026-12-06 1 1616 5105 826
2026-10-10 2 2447 3312 1403
2026-10-10 2 2447 4208 1403
2026-10-10 2 2084 7205 1207
2026-10-10 2 2084 8305 1207
2026-10-10 2 2084 9304 1207
2026-10-10 2 2084 9305 1207
2026-11-16 2 2099 10102 1207
2026-11-26 2 1984 7104 1207
2026-12-16 2 2032 7301 1207
2026-12-20 2 2032 8205 1207
2026-12-21 2 2032 7208 1207
